randDataN
3.6969633102417
3.66661548614502
4.8185510635376
4.27341055870056
4.68949174880981
4.80771899223328
4.55368733406067
4.30567860603333
4.22750020027161
2.92869830131531
3.91707992553711
2.86071872711182
3.9365062713623
4.09508109092712
3.83351421356201
3.54035925865173
4.16991353034973
4.39667630195618
3.62258338928223
2.66321778297424
4.31777882575989
3.02285408973694
2.83875250816345
4.00912022590637
4.77778935432434
3.78257513046265
3.06717324256897
3.45305943489075
3.78643989562988
4.14124631881714
4.20613098144531
3.16048240661621
3.25463533401489
3.42360687255859
4.51494956016541
