randDataErrorMargin
3.7939670085907
3.17998504638672
3.44360852241516
4.12793350219727
3.73074555397034
2.88685870170593
4.83771896362305
3.48523330688477
4.13506436347961
4.12303185462952
4.13787031173706
3.1173050403595
5.85017323493958
2.91249775886536
4.12634587287903
4.04493975639343
3.54810905456543
3.42579507827759
4.62636780738831
2.78827404975891
4.08114314079285
4.49752879142761
3.72599411010742
4.23373007774353
3.48757672309875
4.81343960762024
3.84853553771973
4.31925082206726
4.4844024181366
2.90342998504639
2.66492319107056
2.54065275192261
3.41519689559937
2.89678478240967
3.51816201210022
3.41658353805542
3.30744075775146
3.74662017822266
