RTT
228
233
234
230
231
248
237
235
240
229
246
248
268
234
1264
231
229
232
268
229
233
230
231
231
265
234
246
235
230
228
230
247
233
228
230
230
246
241
329
311
314
307
290
302
270
294
306
301
324
299
284
297
317
317
307
308
315
298
319
298
296
322
294
305
316
284
311
293
304
252
328
307
1309
300
302
320
322
302
299
300
306
307
291
266
249
241
233
251
234
228
243
242
262
228
247
248
230
230
250
249
229
230
231
227
250
229
228
230
248
228
247
230
242
246
264
309
282
294
317
295
263
302
266
296
302
290
316
287
331
336
1236
1285
315
308
275
262
235
327
301
299
295
302
288
294
270
295
345
290
314
298
312
325
308
282
297
280
301
310
308
277
270
332
280
290
302
294
316
300
298
293
280
298
273
307
333
287
290
311
293
274
306
304
309
289
314
271
314
306
294
1275
1324
294
325
279
300
303
317
296
303
284
276
288
309
307
256
265
315
300
294
285
337
306
307
304
309
276
327
288
290
289
282
297
282
330
273
298
293
285
288
269
328
313
263
328
300
269
292
294
282
312
313
310
293
305
299
289
323
272
1300
286
309
307
295
295
313
307
289
286
317
297
310
300
306
333
322
292
283
275
310
272
278
297
307
278
271
289
283
286
303
304
292
286
306
302
297
342
314
289
306
285
313
301
311
330
288
275
299
232
232
273
231
230
231
234
232
229
230
227
325
322
293
281
323
294
306
277
312
276
262
312
313
320
302
330
297
1321
304
295
294
342
289
287
296
282
302
294
308
288
343
664
658
598
575
665
400
456
446
467
471
478
557
566
574
496
462
466
509
553
577
627
462
478
519
498
527
585
576
575
592
567
446
483
521
532
544
552
611
436
460
500
551
525
626
583
451
492
506
482
526
516
547
463
407
491
490
462
515
511
545
230
232
801
1234
251
251
231
228
248
230
227
231
248
230
252
251
228
277
266
250
229
245
232
229
230
250
236
229
230
521
470
564
475
407
495
434
399
488
435
532
417
520
456
404
491
422
500
457
413
502
429
496
440
530
344
321
692
529
578
747
764
695
533
668
599
682
658
772
687
777
813
692
625
585
663
742
794
624
562
593
1178
666
748
780
731
591
689
573
648
682
849
420
566
651
588
602
624
663
801
563
536
535
617
606
610
690
716
576
551
628
713
632
633
694
808
510
534
559
638
622
623
496
496
537
580
763
760
668
685
557
621
423
620
776
424
483
557
647
1162
758
671
576
611
640
660
675
658
569
571
633
616
706
742
617
784
809
864
774
398
595
664
725
754
782
554
615
675
728
759
604
687
673
698
828
787
480
497
532
670
671
665
754
714
619
525
656
682
657
592
638
683
692
695
744
736
624
1265
805
675
750
854
576
587
673
722
786
810
723
724
769
772
704
732
747
477
596
520
713
770
706
735
726
353
321
407
433
414
469
440
466
450
482
490
509
462
506
456
504
463
445
462
512
495
483
482
474
468
466
476
462
429
456
476
516
507
468
484
496
484
512
489
475
527
466
306
279
293
293
319
329
262
316
329
1328
1296
286
294
311
282
287
301
288
280
303
297
293
301
287
313
229
229
230
230
231
229
230
232
230
234
232
249
255
309
506
503
440
267
375
311
282
332
274
358
304
240
345
268
235
305
313
357
329
245
317
247
339
294
237
293
250
318
298
1353
300
239
339
259
326
261
373
323
272
356
324
261
356
305
375
381
467
439
456
552
481
556
462
457
485
456
505
462
519
456
517
444
554
461
558
445
543
457
1038
945
544
439
605
442
433
438
615
446
459
448
562
443
538
481
590
448
460
448
444
436
432
442
463
444
398
481
463
506
464
523
509
476
465
504
472
505
447
535
450
580
470
284
294
312
299
379
700
625
640
623
627
632
666
657
681
664
627
1169
618
635
624
624
643
638
659
655
696
583
645
658
666
634
632
627
652
479
488
502
549
494
497
325
342
292
314
304
343
303
301
275
286
263
292
290
294
323
282
294
273
301
336
236
299
299
324
283
312
308
285
282
271
294
300
313
298
1311
1282
333
287
299
292
284
299
306
327
275
313
289
296
306
289
296
300
322
287
297
328
306
309
313
294
303
311
312
324
303
294
325
309
295
306
305
293
301
271
314
285
281
286
296
294
305
277
332
285
308
278
287
297
295
274
283
312
267
1291
230
228
227
245
229
248
231
234
231
241
228
235
230
231
229
232
238
232
228
231
230
247
236
