n	tempo
120000	0.58009
120000	0.57913
120000	0.58538
120000	0.58405
120000	0.58396
125000	0.60825
125000	0.60260
125000	0.60145
125000	0.60171
125000	0.60228
130000	0.62701
130000	0.62835
130000	0.62747
130000	0.62759
130000	0.62786
135000	0.65160
135000	0.65178
135000	0.65243
135000	0.65288
135000	0.65651
140000	0.67764
140000	0.67884
140000	0.67753
140000	0.67695
140000	0.67628
145000	0.70136
145000	0.70020
145000	0.70020
145000	0.70129
145000	0.70044
150000	0.72621
150000	0.72678
150000	0.72674
150000	0.72671
150000	0.72670
155000	0.75200
155000	0.75300
155000	0.75259
155000	0.75126
155000	0.75152
160000	0.77531
160000	0.77267
160000	0.77645
160000	0.77694
160000	0.77369
165000	0.79729
165000	0.79786
165000	0.80071
165000	0.79917
165000	0.79025
170000	0.81476
170000	0.81446
170000	0.81740
170000	0.81953
170000	0.82008
175000	0.84395
175000	0.84501
175000	0.84384
175000	0.84502
175000	0.84384
180000	0.86779
180000	0.86682
180000	0.87072
180000	0.87074
180000	0.86964
185000	0.89491
185000	0.89467
185000	0.89446
185000	0.89075
185000	0.88974
190000	0.91294
190000	0.91400
190000	0.92509
190000	0.92752
190000	0.92612
195000	0.94034
195000	0.93623
195000	0.93647
195000	0.93704
195000	0.93686
200000	0.96113
200000	0.96145
200000	0.96290
200000	0.96163
200000	0.96255
205000	0.98656
205000	0.98657
205000	0.98711
205000	0.98753
205000	0.98686
210000	1.01136
210000	1.01113
210000	1.01098
210000	1.01136
210000	1.01040
215000	1.03383
215000	1.03388
215000	1.03395
215000	1.03347
215000	1.03494
220000	1.05752
220000	1.05997
220000	1.05570
220000	1.05701
220000	1.05575
225000	1.07876
225000	1.08099
225000	1.08198
225000	1.08159
225000	1.08173
230000	1.10655
230000	1.10585
230000	1.10490
230000	1.10779
230000	1.12067
235000	1.14374
235000	1.13931
235000	1.13058
235000	1.13258
235000	1.12920
240000	1.15184
240000	1.15314
240000	1.15392
240000	1.15190
240000	1.15376
245000	1.18029
245000	1.17901
245000	1.17880
245000	1.17829
245000	1.17987
250000	1.20342
250000	1.20323
250000	1.20302
250000	1.20417
250000	1.19881
255000	1.22324
255000	1.22150
255000	1.22185
255000	1.22177
255000	1.22458
260000	1.25151
260000	1.24842
260000	1.22393
260000	1.22584
260000	1.22282
265000	1.24888
265000	1.24459
265000	1.24253
265000	1.24478
265000	1.24168
270000	1.26435
270000	1.26624
270000	1.26622
270000	1.26482
270000	1.26424
275000	1.28902
275000	1.28802
275000	1.28891
275000	1.29030
275000	1.28570
280000	1.30991
280000	1.30717
280000	1.30997
280000	1.31023
280000	1.30937
285000	1.33095
285000	1.33110
285000	1.32853
285000	1.33097
285000	1.33236
290000	1.35484
290000	1.35529
290000	1.35588
290000	1.35368
290000	1.35751
295000	1.37465
295000	1.38025
295000	1.37911
295000	1.38101
295000	1.37872
300000	1.40101
300000	1.40455
300000	1.40199
300000	1.40664
300000	1.40553
305000	1.42729
305000	1.42746
305000	1.42739
305000	1.42695
305000	1.42422
310000	1.44746
310000	1.44955
310000	1.44987
310000	1.44863
310000	1.45090
315000	1.47248
315000	1.47225
315000	1.47238
315000	1.47124
315000	1.46948
320000	1.49882
320000	1.49744
320000	1.49696
320000	1.49595
320000	1.50845
325000	1.52645
325000	1.51821
325000	1.51888
325000	1.52063
325000	1.51835
330000	1.54021
330000	1.54098
330000	1.54247
330000	1.54271
330000	1.54218
335000	1.56594
335000	1.57569
335000	1.53970
335000	1.53844
335000	1.54278
340000	1.56439
340000	1.56390
340000	1.56440
340000	1.56272
340000	1.56517
345000	1.58755
345000	1.58890
345000	1.58734
345000	1.58661
345000	1.58747
350000	1.61340
350000	1.60995
350000	1.61147
350000	1.61004
350000	1.61095
355000	1.63423
355000	1.63598
355000	1.63437
355000	1.63599
355000	1.63334
360000	1.65608
360000	1.65666
360000	1.65691
360000	1.65763
360000	1.65712
365000	1.67943
365000	1.67920
365000	1.67905
365000	1.68001
365000	1.68056
370000	1.70329
370000	1.70448
370000	1.70278
370000	1.70304
370000	1.70458
375000	1.72671
375000	1.72582
375000	1.72494
375000	1.72687
375000	1.72620
380000	1.75761
380000	1.76209
380000	1.75611
380000	1.75082
380000	1.74902
385000	1.77108
385000	1.77474
385000	1.77264
385000	1.77092
385000	1.77390
390000	1.79442
390000	1.79524
390000	1.80462
390000	1.80570
390000	1.80753
395000	1.83350
395000	1.82668
395000	1.81758
395000	1.81934
395000	1.81715
400000	1.84171
400000	1.84331
400000	1.84262
400000	1.84096
400000	1.84353
405000	1.86408
405000	1.86861
405000	1.86391
405000	1.86211
405000	1.86493
410000	1.88765
410000	1.88785
410000	1.89024
410000	1.89890
410000	1.90805
415000	1.92788
415000	1.91548
415000	1.91437
415000	1.91246
415000	1.91030
420000	1.94010
420000	1.93763
420000	1.93725
420000	1.93821
420000	1.93793
425000	1.95889
425000	1.96420
425000	1.95981
425000	1.96083
425000	1.96044
430000	1.98450
430000	1.98357
430000	1.98564
430000	1.98973
430000	1.98511
435000	2.00853
435000	2.00765
435000	2.00574
435000	2.01354
435000	2.01192
440000	2.03364
440000	2.02454
440000	2.03131
440000	2.03245
440000	2.03253
445000	2.05225
445000	2.05421
445000	2.05327
445000	2.05241
445000	2.05046
450000	2.07461
450000	2.07221
450000	2.07176
450000	2.07061
450000	2.08533
455000	2.11542
455000	2.11435
455000	2.11383
455000	2.10482
455000	2.10302
460000	2.14367
460000	2.13516
460000	2.13831
460000	2.14640
460000	2.14177
465000	2.16296
465000	2.16175
465000	2.16445
465000	2.16144
465000	2.16249
470000	2.18840
470000	2.18271
470000	2.18348
470000	2.18315
470000	2.18686
475000	2.21277
475000	2.21100
475000	2.20965
475000	2.21842
475000	2.20015
480000	2.21697
480000	2.20991
480000	2.20596
480000	2.20614
480000	2.21139
485000	2.23257
485000	2.23059
485000	2.23331
485000	2.23368
485000	2.23803
490000	2.25757
490000	2.25714
490000	2.26021
490000	2.25610
490000	2.25582
495000	2.27648
495000	2.27818
495000	2.28029
495000	2.27856
495000	2.29904
500000	2.30738
500000	2.30574
500000	2.30396
500000	2.32559
500000	2.31268
505000	2.33116
505000	2.32655
505000	2.32841
505000	2.32958
505000	2.32743
510000	2.35116
510000	2.35032
510000	2.36881
510000	2.34825
510000	2.36203
515000	2.37967
515000	2.37748
515000	2.37899
515000	2.37097
515000	2.37305
520000	2.39715
520000	2.39448
520000	2.39210
520000	2.39145
520000	2.39463
525000	2.41738
525000	2.43957
525000	2.46362
525000	2.46791
525000	2.46466
530000	2.48449
530000	2.48595
530000	2.48716
530000	2.48972
530000	2.48883
535000	2.51192
535000	2.51492
535000	2.50797
535000	2.52218
535000	2.51574
540000	2.54416
540000	2.54353
540000	2.53074
540000	2.53624
540000	2.53328
545000	2.56373
545000	2.56758
545000	2.55834
545000	2.55954
545000	2.55969
550000	2.58520
550000	2.58498
550000	2.58219
550000	2.58059
550000	2.58382
555000	2.61463
555000	2.60618
555000	2.60165
555000	2.60590
555000	2.60176
560000	2.62634
560000	2.62916
560000	2.63127
560000	2.62631
560000	2.63646
565000	2.65634
565000	2.64740
565000	2.64680
565000	2.65084
565000	2.64512
570000	2.67012
570000	2.68581
570000	2.67600
570000	2.66795
570000	2.67328
575000	2.69175
575000	2.69400
575000	2.69931
575000	2.69947
575000	2.70005
580000	2.72085
580000	2.72400
580000	2.71928
580000	2.72253
580000	2.72081
585000	2.74537
585000	2.76121
585000	2.75915
585000	2.69187
585000	2.68443
590000	2.71329
590000	2.76800
590000	2.78259
590000	2.78461
590000	2.77848
595000	2.79720
595000	2.79570
595000	2.79624
595000	2.79687
595000	2.79677
600000	2.82131
600000	2.82232
600000	2.81850
600000	2.81800
600000	2.81740
605000	2.84148
605000	2.84153
605000	2.84198
605000	2.84084
605000	2.84319
610000	2.86627
610000	2.86815
610000	2.86535
610000	2.86680
610000	2.86245
615000	2.88786
615000	2.88984
615000	2.88632
615000	2.89026
615000	2.89030
620000	2.90770
620000	2.90889
620000	2.91502
620000	2.91481
620000	2.91573
625000	2.93897
625000	2.93706
625000	2.93496
625000	2.93617
625000	2.93672
630000	2.95992
630000	2.95895
630000	2.95833
630000	2.96007
630000	2.96094
635000	2.98435
635000	2.98171
635000	2.98262
635000	2.98185
635000	2.98483
640000	3.00547
640000	3.00873
640000	3.00745
640000	3.00949
640000	3.01152
645000	3.03293
645000	3.03928
645000	3.02911
645000	3.03345
645000	3.03133
650000	3.05788
650000	3.06923
650000	3.06116
650000	3.05816
650000	3.05906
655000	3.08378
655000	3.08488
655000	3.07490
655000	3.07605
655000	3.07576
660000	3.10094
660000	3.10236
660000	3.10367
660000	3.10405
660000	3.10385
665000	3.11282
665000	3.11118
665000	3.11054
665000	3.12407
665000	3.11357
670000	3.13514
670000	3.13212
670000	3.12973
670000	3.12874
670000	3.12840
675000	3.15312
675000	3.15788
675000	3.15353
675000	3.15584
675000	3.15656
680000	3.18337
680000	3.19739
680000	3.21089
680000	3.28598
680000	3.28041
685000	3.27204
685000	3.27263
685000	3.27275
685000	3.27588
685000	3.27672
690000	3.30912
690000	3.29959
690000	3.30294
690000	3.29377
690000	3.29447
695000	3.32180
695000	3.32343
695000	3.31645
695000	3.31930
695000	3.31918
700000	3.34502
700000	3.34332
700000	3.34858
700000	3.34397
700000	3.34061
705000	3.36210
705000	3.36730
705000	3.36462
705000	3.36477
705000	3.36711
710000	3.38711
710000	3.39094
710000	3.39087
710000	3.39143
710000	3.39073
715000	3.41363
715000	3.41492
715000	3.41070
715000	3.41782
715000	3.41227
720000	3.43838
720000	3.43478
720000	3.43499
720000	3.43380
720000	3.43843
725000	3.46141
725000	3.46453
725000	3.45663
725000	3.45707
725000	3.47138
730000	3.51500
730000	3.52044
730000	3.52159
730000	3.52018
730000	3.51509
735000	3.53943
735000	3.53782
735000	3.53720
735000	3.53820
735000	3.53883
740000	3.56713
740000	3.56272
740000	3.56100
740000	3.56038
740000	3.56274
745000	3.58502
745000	3.58969
745000	3.58435
745000	3.58801
745000	3.58451
750000	3.60234
750000	3.60362
750000	3.60371
750000	3.60473
750000	3.60875
755000	3.63660
755000	3.63473
755000	3.63300
755000	3.63361
755000	3.63815
760000	3.65779
760000	3.66572
760000	3.66777
760000	3.65354
760000	3.65116
765000	3.68379
765000	3.68680
765000	3.68477
765000	3.67769
765000	3.67496
770000	3.70454
770000	3.70344
770000	3.70412
770000	3.70775
770000	3.71153
775000	3.73936
775000	3.73251
775000	3.73027
775000	3.72607
775000	3.72415
780000	3.75562
780000	3.75111
780000	3.75450
780000	3.75311
780000	3.74608
785000	3.78809
785000	3.78487
785000	3.78521
785000	3.79272
785000	3.79080
790000	3.79616
790000	3.81496
790000	3.81799
790000	3.82093
790000	3.81664
795000	3.82623
795000	3.82351
795000	3.82921
795000	3.82557
795000	3.83007
800000	3.84203
800000	3.84017
800000	3.85909
800000	3.86171
800000	3.85011
805000	3.88036
805000	3.88379
805000	3.88527
805000	3.87934
805000	3.79140
810000	3.79393
810000	3.79707
810000	3.79747
810000	3.79205
810000	3.78646
815000	3.80877
815000	3.81112
815000	3.80931
815000	3.81193
815000	3.83453
820000	3.83725
820000	3.83486
820000	3.83755
820000	3.84863
820000	3.83666
825000	3.86783
825000	3.86855
825000	3.85058
825000	3.85073
825000	3.85735
830000	3.87829
830000	3.87853
830000	3.88034
830000	3.87709
830000	3.88428
835000	3.90664
835000	3.90892
835000	3.89949
835000	3.90551
835000	3.90625
840000	3.92639
840000	3.92757
840000	3.92992
840000	3.92830
840000	3.92964
845000	3.95164
845000	3.94481
845000	3.94378
845000	3.95671
845000	3.95548
850000	3.97531
850000	3.97616
850000	3.97194
850000	3.97531
850000	3.97501
855000	3.99568
855000	3.99751
855000	4.00874
855000	4.04266
855000	4.08995
860000	4.11002
860000	4.10595
860000	4.10905
860000	4.09634
860000	4.11852
865000	4.14475
865000	4.14839
865000	4.14667
865000	4.15064
865000	4.14971
870000	4.16768
870000	4.15686
870000	4.15535
870000	4.15573
870000	4.15313
875000	4.17886
875000	4.17459
875000	4.18300
875000	4.18620
875000	4.17986
880000	4.21052
880000	4.20914
880000	4.20855
880000	4.22082
880000	4.20148
885000	4.22592
885000	4.22623
885000	4.20073
885000	4.17575
885000	4.15606
890000	4.18026
890000	4.17759
890000	4.17206
890000	4.17554
890000	4.17540
895000	4.16429
895000	4.14436
895000	4.14520
895000	4.13988
895000	4.14091
900000	4.16603
900000	4.16601
900000	4.16784
900000	4.16067
900000	4.18021
905000	4.19618
905000	4.19423
905000	4.21054
905000	4.26236
905000	4.25501
910000	4.27971
910000	4.28048
910000	4.28479
910000	4.28212
910000	4.28420
915000	4.30700
915000	4.30037
915000	4.29845
915000	4.29779
915000	4.29845
920000	4.33048
920000	4.32754
920000	4.32909
920000	4.31332
920000	4.32096
925000	4.36569
925000	4.44510
925000	4.45809
925000	4.45861
925000	4.46157
930000	4.49622
930000	4.43832
930000	4.45880
930000	4.45409
930000	4.47612
935000	4.46909
935000	4.46758
935000	4.50207
935000	4.48982
935000	4.40384
940000	4.44550
940000	4.35814
940000	4.31686
940000	4.32642
940000	4.31608
945000	4.34378
945000	4.33426
945000	4.34469
945000	4.39002
945000	4.35529
950000	4.37655
950000	4.40503
950000	4.40714
950000	4.39785
950000	4.36355
955000	4.38840
955000	4.38612
955000	4.38068
955000	4.37857
955000	4.38261
960000	4.40358
960000	4.39792
960000	4.39802
960000	4.39861
960000	4.40175
965000	4.42299
965000	4.42082
965000	4.42459
965000	4.42489
965000	4.42620
970000	4.46033
970000	4.51247
970000	4.65816
970000	4.65821
970000	4.68699
975000	4.66909
975000	4.66889
975000	4.68922
975000	4.66779
975000	4.66042
980000	4.73508
980000	4.69348
980000	4.71071
980000	4.72145
980000	4.77777
985000	4.80033
985000	4.79421
985000	4.77570
985000	4.78741
985000	4.77322
990000	4.81017
990000	4.79521
990000	4.76202
990000	4.76641
990000	4.78788
995000	4.81885
995000	4.76917
995000	4.77356
995000	4.76109
995000	4.75789
1000000	4.77502
1000000	4.77589
1000000	4.77597
1000000	4.78163
1000000	4.77424
