n	tempo
120000	0.48063
120000	0.47788
120000	0.48027
120000	0.48032
120000	0.48135
125000	0.50052
125000	0.49937
125000	0.49918
125000	0.49863
125000	0.49875
130000	0.51733
130000	0.51704
130000	0.51834
130000	0.51872
130000	0.51734
135000	0.53781
135000	0.53726
135000	0.53740
135000	0.53721
135000	0.53699
140000	0.55672
140000	0.55697
140000	0.55899
140000	0.55716
140000	0.55738
145000	0.57543
145000	0.57755
145000	0.57760
145000	0.57928
145000	0.58392
150000	0.59933
150000	0.59903
150000	0.60041
150000	0.60082
150000	0.59982
155000	0.61998
155000	0.62186
155000	0.62109
155000	0.61825
155000	0.61918
160000	0.63849
160000	0.63832
160000	0.63863
160000	0.63869
160000	0.64139
165000	0.65974
165000	0.65899
165000	0.65819
165000	0.66137
165000	0.66006
170000	0.68043
170000	0.68551
170000	0.67963
170000	0.68053
170000	0.68185
175000	0.69931
175000	0.69905
175000	0.69682
175000	0.69629
175000	0.69591
180000	0.71693
180000	0.71811
180000	0.71870
180000	0.71707
180000	0.71807
185000	0.73924
185000	0.74028
185000	0.73917
185000	0.73990
185000	0.73937
190000	0.76049
190000	0.76161
190000	0.76140
190000	0.75973
190000	0.75872
195000	0.77845
195000	0.77895
195000	0.77843
195000	0.77992
195000	0.77944
200000	0.79841
200000	0.79836
200000	0.80437
200000	0.80829
200000	0.81219
205000	0.82863
205000	0.83884
205000	0.83200
205000	0.83422
205000	0.83111
210000	0.84425
210000	0.83631
210000	0.83725
210000	0.83644
210000	0.83616
215000	0.85912
215000	0.85872
215000	0.87524
215000	0.89074
215000	0.89233
220000	0.91274
220000	0.90786
220000	0.90779
220000	0.91128
220000	0.91060
225000	0.93086
225000	0.92845
225000	0.92690
225000	0.92759
225000	0.92961
230000	0.94762
230000	0.95021
230000	0.96219
230000	0.95050
230000	0.95018
235000	0.97199
235000	0.97044
235000	0.96883
235000	0.96744
235000	0.96717
240000	0.98769
240000	0.98890
240000	0.98870
240000	0.98762
240000	0.98960
245000	1.00974
245000	1.01105
245000	1.01216
245000	1.01156
245000	1.01139
250000	1.03036
250000	1.02946
250000	1.03084
250000	1.03415
250000	1.02914
255000	1.04808
255000	1.05058
255000	1.04921
255000	1.04936
255000	1.05158
260000	1.07381
260000	1.07060
260000	1.07312
260000	1.07068
260000	1.06990
265000	1.09139
265000	1.09127
265000	1.09268
265000	1.09206
265000	1.09018
270000	1.11212
270000	1.11196
270000	1.11517
270000	1.11492
270000	1.11657
275000	1.13315
275000	1.13297
275000	1.13318
275000	1.13315
275000	1.13368
280000	1.15454
280000	1.15536
280000	1.15428
280000	1.15285
280000	1.15386
285000	1.17637
285000	1.17550
285000	1.17631
285000	1.17461
285000	1.17391
290000	1.19425
290000	1.19540
290000	1.19420
290000	1.19612
290000	1.19438
295000	1.21651
295000	1.22201
295000	1.21834
295000	1.22635
295000	1.22074
300000	1.23450
300000	1.23690
300000	1.23713
300000	1.23816
300000	1.24207
305000	1.26292
305000	1.26223
305000	1.25818
305000	1.26010
305000	1.25745
310000	1.27965
310000	1.27937
310000	1.27753
310000	1.28031
310000	1.28408
315000	1.30097
315000	1.30295
315000	1.30071
315000	1.30246
315000	1.30210
320000	1.32207
320000	1.32323
320000	1.32373
320000	1.32306
320000	1.32114
325000	1.34252
325000	1.34283
325000	1.34291
325000	1.34298
325000	1.34158
330000	1.36422
330000	1.36730
330000	1.36845
330000	1.36908
330000	1.36817
335000	1.38822
335000	1.38893
335000	1.38303
335000	1.38301
335000	1.38292
340000	1.40446
340000	1.40397
340000	1.40338
340000	1.40210
340000	1.40279
345000	1.42500
345000	1.42371
345000	1.42817
345000	1.42824
345000	1.42697
350000	1.44926
350000	1.44770
350000	1.44704
350000	1.44652
350000	1.44761
355000	1.46697
355000	1.46614
355000	1.46821
355000	1.46998
355000	1.46630
360000	1.48945
360000	1.48740
360000	1.48597
360000	1.48633
360000	1.48936
365000	1.50699
365000	1.50955
365000	1.50880
365000	1.51329
365000	1.50863
370000	1.52821
370000	1.53025
370000	1.57238
370000	1.53024
370000	1.52760
375000	1.54870
375000	1.54850
375000	1.55049
375000	1.55072
375000	1.55630
380000	1.57933
380000	1.57228
380000	1.57676
380000	1.57811
380000	1.57608
385000	1.59298
385000	1.59345
385000	1.59414
385000	1.58993
385000	1.59376
390000	1.61853
390000	1.61236
390000	1.61426
390000	1.61112
390000	1.61284
395000	1.63441
395000	1.63464
395000	1.63410
395000	1.63387
395000	1.63475
400000	1.65616
400000	1.65523
400000	1.65617
400000	1.65485
400000	1.65592
405000	1.67663
405000	1.67645
405000	1.67553
405000	1.68079
405000	1.67612
410000	1.69575
410000	1.69887
410000	1.69559
410000	1.69863
410000	1.69912
415000	1.71912
415000	1.71674
415000	1.73791
415000	1.71626
415000	1.71551
420000	1.73717
420000	1.73634
420000	1.73649
420000	1.73725
420000	1.73705
425000	1.75758
425000	1.75864
425000	1.75941
425000	1.75671
425000	1.75666
430000	1.77755
430000	1.77760
430000	1.77787
430000	1.77860
430000	1.77942
435000	1.79966
435000	1.79994
435000	1.79957
435000	1.80214
435000	1.79983
440000	1.81946
440000	1.81973
440000	1.82095
440000	1.82032
440000	1.82074
445000	1.84156
445000	1.84257
445000	1.84268
445000	1.84017
445000	1.84527
450000	1.86399
450000	1.86500
450000	1.85881
450000	1.85811
450000	1.86000
455000	1.88059
455000	1.88099
455000	1.88182
455000	1.88109
455000	1.88170
460000	1.90208
460000	1.90327
460000	1.90366
460000	1.90313
460000	1.90209
465000	1.92344
465000	1.92312
465000	1.92382
465000	1.92417
465000	1.92366
470000	1.94375
470000	1.94237
470000	1.94611
470000	1.95021
470000	1.94476
475000	1.96873
475000	1.96512
475000	1.96924
475000	1.96327
